27.5
14.5
14.0
13.0
6.0
7.5
15.0
7.5
10.5
7.5
11.5
4.5
16.0
26.5
16.5
2.5
19.0
1.0
2.0
9.0
9.0
20.0
11.0
5.5
13.5
11.5
3.5
11.5
1.0
20.0
2.5
6.5
6.0
5.5
1.5
10.5
7.0
6.5
8.5
4.5
12.5
36.0
1.0
10.0
13.0
20.0
13.5
13.0
13.5
1.0
0.0
10.0
22.0
6.0
12.5
13.5
7.5
10.5
0.0
6.0
16.5
7.0
22.0
18.0
6.0
12.0
16.5
3.5
11.0
6.0
11.5
5.0
11.5
13.0
11.5
7.5
13.5
3.0
9.5
11.0
11.5
13.0
7.5
19.0
14.5
17.5
0.0
1.0
20.0
11.5
11.5
8.5
1.5
11.5
6.5
12.0
11.0
4.5
3.0
8.0
11.5
10.5
3.0
6.0
10.5
29.0
13.0
5.5
4.0
16.5
14.0
4.5
10.5
15.5
12.5
15.0
11.5
3.0
13.0
4.0
11.5
9.5
11.5
23.5
11.0
18.0
8.5
6.0
5.5
19.0
9.0
7.5
9.0
16.5
14.0
9.0
6.5
0.0
7.5
22.0
15.0
23.5
19.0
11.5
8.5
12.0
13.5
0.0
8.0
0.0
18.5
19.0
8.5
4.5
10.5
13.0
16.5
13.5
1.0
5.5
8.0
17.5
16.5
1.5
11.0
20.0
3.0
16.0
17.0
11.0
2.5
17.0
12.5
9.0
16.0
0.0
13.0
10.5
11.5
8.5
4.5
9.5
27.0
21.0
4.5
17.5
11.5
10.0
12.0
20.5
12.0
9.5
2.5
12.0
13.5
17.5
11.0
10.0
12.5
15.0
