35.0
9.5
18.5
23.5
6.0
13.0
22.5
12.0
5.5
8.5
19.0
1.5
19.5
29.5
34.5
2.5
21.5
1.0
5.0
19.5
16.5
29.0
18.5
5.5
22.5
17.0
3.5
19.0
1.0
25.5
2.5
17.0
10.5
13.0
1.5
17.5
5.0
6.5
17.5
4.5
17.0
32.5
1.0
5.5
13.5
36.0
19.5
14.0
22.5
1.0
0.0
10.0
32.0
6.0
20.0
11.5
7.5
8.5
0.0
3.0
28.5
13.0
31.0
16.0
4.0
18.0
28.5
6.5
16.5
10.5
9.5
8.0
19.0
26.5
17.0
7.5
18.0
3.0
18.5
18.5
11.5
17.0
15.0
35.5
16.0
20.5
0.0
4.0
19.5
14.5
7.0
14.5
1.5
22.0
9.5
8.0
10.0
7.5
6.0
12.5
8.5
13.0
6.0
8.5
18.0
36.0
19.0
3.5
7.0
11.5
20.0
10.5
7.5
29.0
24.5
19.0
10.0
3.0
16.0
4.0
6.5
14.0
22.0
24.5
15.5
21.5
2.5
7.5
10.0
12.5
7.0
7.5
9.0
28.5
18.0
13.5
17.0
0.0
2.5
28.0
18.0
31.0
24.5
16.0
13.0
14.5
16.5
0.0
15.5
0.0
20.0
24.5
19.0
2.5
5.5
17.5
30.0
27.0
4.0
8.5
8.0
23.0
13.5
1.5
17.0
25.5
6.0
17.0
15.0
13.5
5.5
36.5
20.0
9.0
24.5
0.0
16.0
21.0
17.0
16.0
9.0
17.0
35.5
25.5
4.5
23.0
19.0
12.5
16.5
23.0
15.0
14.0
2.5
13.5
7.0
23.5
17.0
14.5
17.0
17.5
